8
  0 14 15 14 20 17 19 19
 14  0 16 15 13 11 10 11
 15 16  0 16 16 16 15 15
 14 15 16  0 15 15 13 12
 20 13 16 15  0 10 12 14
 17 11 16 15 10  0 18 15
 19 10 15 13 12 18  0 11
 19 11 15 12 14 15 11  0